Previous CTC,Previous job change,Graduation Marks,EXP (Month),CTC,College_Tier_2,College_Tier_3,City_non_metro_city,Role_Manager
55523.0,3,66,19,71406.58,1,0,1,1
57081.0,1,84,18,68005.87,1,0,1,0
60347.0,2,52,28,76764.02,0,1,1,0
49010.0,2,81,33,82092.39,0,1,1,0
57879.0,4,74,32,73878.1,0,0,1,0
54340.0,4,73,31,59950.89,1,0,1,0
60298.0,1,42,46,66602.34,0,1,0,0
49944.0,2,56,37,57768.44,1,0,0,0
53124.0,4,40,37,70083.3,0,1,0,0
51141.0,1,47,60,85648.48,0,0,1,0
49497.0,1,50,25,74914.15,0,0,0,0
50197.0,2,66,62,85219.39,1,0,0,1
63234.0,4,73,23,82910.94,0,1,0,0
60059.0,2,71,56,74350.08,0,0,1,0
66487.0,1,50,27,103595.83,0,1,1,1
49292.0,4,49,19,70729.63,0,1,1,0
55400.0,4,48,52,70051.94,1,0,0,0
53089.0,2,72,23,69403.49,0,0,0,0
69345.0,3,79,56,84710.53,1,0,1,0
63508.0,1,48,30,95879.94,1,0,1,1
60057.0,1,61,60,73487.13,0,1,0,0
52402.0,3,35,30,61597.98,0,0,1,0
60180.0,2,68,18,63119.8,0,1,0,0
53422.0,4,44,34,98586.83,1,0,0,1
49857.0,3,37,37,71502.56,0,0,0,0
48682.0,3,82,59,64320.67,0,0,1,0
48516.0,2,37,63,77310.22,1,0,0,0
54363.0,3,44,55,74825.2,0,0,0,0
39636.0,3,43,23,59230.44,1,0,0,0
65172.0,1,44,31,107138.14,1,0,1,1
58529.0,1,65,22,102763.61,0,0,1,1
50011.0,2,72,18,69764.49,1,0,1,0
50020.0,4,75,19,59889.14,0,0,1,0
55764.0,2,64,63,82356.41,0,1,1,0
60894.0,4,80,28,118651.89,0,0,1,1
42259.0,4,37,19,66762.27,1,0,1,0
59978.0,2,75,62,79454.74,0,1,1,0
47129.0,1,41,26,66079.85,0,0,0,0
57485.0,1,77,35,103774.34,1,0,1,1
62593.0,3,71,60,112716.44,1,0,1,1
48913.0,3,41,24,62819.16,1,0,0,0
66101.0,4,81,31,55470.55,0,1,1,0
49622.0,2,73,41,69510.05,0,0,0,0
59386.0,4,46,37,68064.76,0,0,0,0
66050.0,1,35,38,69116.93,0,1,0,0
59492.0,1,69,55,86354.84,0,1,0,0
61134.0,3,72,18,60456.69,0,1,1,0
61956.0,4,54,28,71791.28,0,1,1,0
46086.0,4,50,60,67626.89,1,0,0,0
61481.0,3,79,36,99794.4,0,1,0,1
55727.0,3,79,18,70350.79,1,0,1,0
61576.0,2,73,21,58818.77,0,0,1,0
57563.0,1,64,48,86487.58,1,0,1,1
58288.0,3,84,36,92378.5,0,1,0,1
55282.0,3,60,40,73281.55,0,0,1,0
66624.0,1,63,58,110438.17,0,0,1,1
59443.0,3,52,58,67485.1,0,0,1,0
51937.0,3,64,18,92518.37,0,0,1,1
46477.0,3,37,53,72977.63,0,1,1,1
62470.0,3,60,34,64770.75,1,0,0,0
51123.0,2,52,43,74845.87,1,0,0,0
56301.0,3,58,25,59913.31,0,0,0,0
46670.0,1,69,64,95961.18,0,0,0,0
54375.0,2,82,28,60766.38,0,1,0,0
45227.0,4,40,20,69193.96,0,0,0,1
50787.0,4,81,19,66433.4,0,0,0,0
62919.0,3,42,61,73410.95,0,1,1,0
51770.0,3,45,40,68447.63,0,0,0,0
60123.0,1,47,40,60185.4,0,1,0,0
51002.0,4,41,28,76765.02,0,1,0,1
46940.0,1,69,27,70157.03,0,1,1,1
49905.0,4,66,31,75297.34,0,0,0,0
51505.0,2,55,53,76960.48,0,0,1,0
52474.0,3,79,58,76204.89,0,1,0,0
49172.0,2,57,44,63782.2,0,1,1,0
56916.0,3,42,57,69415.11,1,0,0,0
59386.0,1,38,29,64472.36,1,0,1,0
55748.0,3,84,21,60815.42,0,1,0,0
65574.0,2,83,22,55902.83,1,0,1,0
58541.0,4,79,41,64468.29,1,0,0,0
50672.0,4,79,31,76093.36,0,1,0,0
68071.0,1,70,45,81430.49,0,1,0,0
58815.0,4,71,22,106165.08,0,0,1,1
62493.0,3,74,48,67374.71,0,1,0,0
60182.0,4,59,37,103574.45,1,0,0,1
42941.0,1,49,45,74191.43,0,0,1,1
55505.0,2,40,57,100887.85,0,1,1,1
54114.0,3,82,56,78715.16,0,0,0,0
57670.0,1,41,46,70686.71,1,0,0,0
54361.0,2,68,55,73231.75,0,0,0,0
67083.0,4,39,21,66296.73,0,1,0,0
52483.0,2,65,53,71738.23,0,1,0,0
55581.0,4,49,59,99551.34,0,1,1,1
62243.0,1,41,35,75903.42,0,1,0,0
59293.0,1,81,64,105308.78,0,1,0,1
59707.0,3,70,28,56003.61,0,0,0,0
57726.0,4,84,54,68673.29,1,0,0,0
58401.0,4,45,55,76028.5,0,0,0,0
41228.0,2,64,56,87418.05,0,0,1,1
40945.0,1,46,38,74984.02,0,0,1,1
54794.0,4,47,41,66591.29,0,0,0,0
51692.0,2,57,30,72088.04,1,0,0,0
52305.0,1,35,18,78521.17,1,0,1,0
56680.0,4,63,61,85688.72,1,0,0,1
52300.0,4,52,34,66657.86,0,0,1,0
56710.0,2,47,20,67879.02,0,0,0,1
51351.0,1,69,19,60069.68,0,0,0,0
51022.0,2,55,26,67820.31,1,0,0,0
52096.0,3,37,29,65685.02,1,0,1,0
59099.0,2,67,63,103305.3,0,0,0,1
57677.0,4,77,54,76671.69,0,1,0,0
59343.0,3,85,55,76577.99,1,0,1,0
54767.0,1,35,37,66693.98,1,0,0,0
60869.0,1,77,21,60125.97,1,0,1,0
53949.0,4,81,52,80042.11,0,1,0,0
48707.0,4,77,60,97106.11,1,0,0,0
77911.0,1,50,58,87831.62,0,1,0,0
54183.0,1,40,29,70630.95,0,1,1,1
51099.0,3,71,49,67516.63,0,1,1,0
51591.0,1,79,37,67573.29,1,0,0,0
61057.0,1,41,44,80714.79,1,0,1,0
48280.0,4,79,18,75430.51,0,0,1,0
57606.0,4,78,20,54071.79,0,1,1,0
55440.0,4,72,44,112826.26,0,0,1,1
54055.0,1,63,47,60944.33,0,0,0,0
49862.0,3,82,26,65065.52,0,0,1,0
56204.0,2,65,19,82667.77,1,0,1,1
65161.0,2,41,52,82517.59,1,0,0,0
42143.0,3,38,32,88208.37,0,0,1,1
57924.0,4,62,38,68023.41,1,0,1,0
48755.0,2,69,59,73464.75,0,1,0,0
50926.0,3,83,61,77222.0,1,0,0,0
65158.0,3,67,53,67163.57,1,0,1,0
46073.0,4,73,19,59241.32,0,1,0,0
53110.0,4,43,20,72322.79,0,1,0,0
50180.0,1,41,22,55226.53,1,0,1,0
61124.0,3,64,19,73417.07,0,0,0,0
54583.0,3,82,22,63534.87,0,1,0,0
52400.0,3,72,54,90774.04,0,0,0,0
64264.0,1,51,22,77666.95,0,0,0,0
44197.0,3,52,34,95868.3,0,0,0,0
56273.0,1,75,26,74544.57,1,0,1,0
47481.0,4,42,34,77150.63,0,0,0,1
58053.0,1,53,29,86298.82,0,0,1,0
58071.0,4,76,30,74697.64,0,0,1,1
66845.0,1,60,29,58695.65,0,1,1,0
60396.0,3,72,46,96190.72,0,1,0,1
67056.0,3,55,51,63582.13,0,1,0,0
63823.0,4,39,53,61586.14,0,1,0,0
49475.0,3,71,19,75037.68,1,0,0,0
50330.0,3,80,35,61282.09,1,0,0,0
57858.0,4,43,48,71522.23,0,1,1,0
61627.0,3,58,32,74596.33,0,1,1,0
49733.0,1,76,42,77168.22,0,1,0,1
55308.0,2,36,40,75028.75,0,1,0,0
66048.0,4,80,44,76619.74,1,0,0,0
49405.0,1,63,48,75910.11,1,0,0,1
49810.0,1,47,18,73056.77,0,0,0,1
56330.0,4,46,30,94478.7,0,1,1,1
56485.0,2,36,50,69960.25,0,0,1,0
47053.0,2,46,42,67407.05,1,0,1,1
64179.0,4,74,18,97119.39,0,0,0,1
60385.0,4,78,54,83984.48,1,0,1,0
50963.0,2,45,32,76385.23,0,1,1,0
50024.0,1,77,37,66216.7,0,1,0,0
50334.0,2,36,47,82526.93,0,0,1,0
61054.0,3,68,20,74459.25,0,0,0,0
58629.0,3,39,32,62936.7,1,0,0,0
52519.0,2,45,19,59425.89,0,1,1,0
46993.0,3,50,27,69437.63,1,0,0,0
67559.0,4,45,63,72083.49,0,0,0,0
55944.0,2,53,49,69163.36,1,0,0,0
38709.0,3,56,18,72747.12,0,1,1,0
61130.0,3,58,35,66726.94,1,0,0,0
54941.0,2,50,24,57067.63,1,0,1,0
58639.0,2,46,63,109108.12,1,0,0,1
52098.0,2,84,38,73831.46,0,1,0,0
53618.0,2,52,54,79031.2,0,0,1,0
57261.0,4,62,46,77631.46,0,0,0,0
53158.0,4,66,41,78524.15,0,1,0,0
53511.0,1,84,58,70856.24,0,0,0,0
58408.0,2,56,18,61042.81,0,1,0,0
46722.0,2,49,22,66407.61,0,1,1,0
49331.0,1,78,44,71632.13,1,0,0,0
53717.0,2,41,44,78002.78,0,0,0,0
70258.0,4,38,36,115126.75,1,0,1,1
53186.0,3,62,26,58559.16,0,1,1,0
59273.0,1,80,30,62275.25,0,1,0,0
59466.0,3,45,41,73749.44,0,0,0,0
55639.0,1,40,29,55927.32,0,1,0,0
61138.0,3,68,61,67174.81,1,0,0,0
47831.0,4,74,36,70249.63,1,0,0,0
51919.0,4,82,25,69896.22,0,1,0,0
49310.0,1,47,56,68123.8,0,0,0,0
61973.0,1,51,18,56131.76,0,0,0,0
52475.0,3,39,19,63426.48,0,1,0,0
62262.0,3,43,39,68762.6,1,0,1,0
49159.0,3,57,45,65693.05,0,1,0,0
44451.0,1,65,51,59721.74,0,0,0,0
64873.0,3,48,64,85224.19,0,0,0,0
55261.0,1,36,19,53356.72,0,0,0,0
53405.0,1,46,48,67405.54,1,0,1,0
48982.0,3,77,60,73639.06,1,0,0,0
60286.0,1,73,27,91956.84,0,1,0,1
44712.0,2,49,46,76451.55,0,0,0,0
49882.0,2,57,28,64100.13,0,1,0,0
46791.0,3,59,59,78379.79,0,1,0,0
52585.0,3,78,35,77592.94,0,1,1,1
59130.0,1,79,63,70314.89,0,0,0,0
63061.0,4,36,40,72339.71,0,0,0,0
55293.0,4,39,20,75774.95,0,0,0,0
54222.0,4,40,40,71232.98,0,1,0,0
48720.0,3,66,24,61022.27,1,0,1,0
49971.0,2,77,34,69437.41,0,0,1,0
58774.0,4,70,45,73028.67,0,0,0,0
59781.0,1,46,41,76811.45,0,0,0,0
54690.0,3,71,53,65923.72,1,0,0,0
43494.0,1,60,27,68676.93,0,1,0,0
54356.0,1,69,26,67766.33,1,0,0,0
44261.0,4,64,24,75535.5,1,0,0,0
61570.0,3,74,34,75762.91,1,0,1,0
59600.0,3,52,53,75588.76,1,0,0,0
52971.0,2,56,32,70086.07,1,0,0,0
57963.0,2,60,19,96125.18,0,1,1,1
44781.0,2,75,42,80753.62,1,0,0,1
62903.0,4,82,55,71048.24,1,0,1,0
58282.0,4,78,28,71454.9,0,1,1,0
66411.0,1,47,58,87222.87,1,0,1,0
58109.0,4,44,41,75683.99,0,1,1,0
51572.0,4,35,47,78834.2,1,0,0,0
63031.0,1,48,42,72943.91,0,0,1,0
54081.0,1,42,59,66774.11,0,0,0,0
45676.0,4,81,19,58845.4,1,0,0,0
52116.0,2,60,59,75689.83,0,1,0,0
46127.0,1,56,39,68623.41,1,0,0,0
48343.0,3,78,40,68392.67,0,0,1,1
56666.0,3,47,18,53730.63,0,0,1,0
67170.0,4,55,31,69913.11,1,0,0,0
51096.0,3,70,19,80820.27,0,1,1,1
64120.0,2,35,44,71001.53,0,0,0,0
59001.0,2,81,23,89974.05,0,0,1,1
45187.0,3,74,33,71161.34,0,1,1,0
53027.0,4,69,55,106846.34,1,0,0,0
55858.0,4,47,40,77673.29,0,0,0,0
49074.0,3,58,63,84287.39,0,1,0,1
54121.0,3,51,54,84320.29,1,0,1,0
61285.0,3,44,60,77283.59,0,0,1,0
63140.0,1,44,24,68416.86,0,1,0,0
44907.0,1,60,19,70186.19,1,0,1,0
52054.0,2,67,29,73394.09,1,0,1,0
44353.0,3,75,18,70056.31,0,0,0,1
54987.0,3,69,63,111873.3,0,0,1,1
54808.0,2,51,54,101785.04,0,0,0,1
58153.0,3,55,27,76298.9,0,1,1,0
51912.0,2,66,50,113141.14,1,0,0,1
51735.0,1,67,55,71890.09,0,0,0,0
55928.0,4,75,56,108750.87,0,0,0,1
61132.0,1,72,38,68120.03,0,0,0,0
47560.0,4,70,51,67760.38,0,1,0,0
53080.0,3,68,19,97151.38,0,1,0,1
46136.0,1,73,58,81234.6,0,0,0,0
54869.0,2,76,20,72296.79,0,0,0,1
53471.0,3,58,52,82735.4,0,1,1,1
66355.0,1,81,19,99815.96,0,1,1,1
62836.0,4,41,53,72755.38,1,0,1,0
70468.0,2,38,46,111172.92,0,0,0,1
45743.0,4,45,40,80222.5,0,0,1,1
54083.0,3,83,59,70531.82,0,0,0,0
50573.0,3,60,45,70207.24,0,0,1,0
46637.0,4,46,49,66843.75,0,0,1,0
50393.0,4,55,18,60213.58,0,1,1,0
63916.0,1,70,50,105334.5,1,0,1,1
62911.0,3,65,41,65659.69,0,0,1,0
56876.0,1,35,50,83092.16,0,1,1,0
54032.0,1,38,25,66571.17,0,1,1,0
52888.0,4,76,47,78083.21,0,0,0,0
43457.0,1,74,19,62954.41,1,0,0,0
51281.0,3,55,22,66298.7,0,0,1,0
54806.0,2,57,59,82475.16,0,1,1,0
49646.0,1,59,51,74374.6,0,0,0,0
52883.0,1,55,40,78949.12,0,0,1,1
68419.0,4,46,54,106418.32,0,0,0,1
50242.0,4,71,30,70060.23,0,1,0,0
57133.0,3,72,55,77111.81,0,0,1,0
52065.0,4,80,52,68439.79,0,1,0,0
53490.0,2,72,46,68607.86,0,1,1,0
68539.0,3,51,46,76839.09,0,0,1,0
48471.0,1,52,63,70363.67,0,1,1,0
59759.0,4,67,59,104376.58,0,0,0,1
48380.0,2,76,52,83078.61,1,0,0,0
56990.0,3,85,28,72326.83,1,0,0,0
51090.0,3,80,29,88238.24,0,0,0,0
74198.0,1,57,25,99644.51,0,1,1,1
49883.0,2,83,22,60621.48,0,0,0,0
54757.0,1,70,25,81168.14,1,0,0,0
47031.0,1,77,18,69525.73,0,1,1,0
50737.0,3,59,19,80080.39,0,0,1,1
51867.0,3,71,47,82688.35,0,1,1,1
55886.0,1,59,31,96427.67,1,0,1,1
58056.0,2,35,48,69477.19,0,0,0,0
53101.0,4,70,36,74538.4,1,0,0,0
48782.0,4,48,53,79584.68,1,0,0,1
61585.0,1,43,56,74831.1,0,0,1,0
59979.0,4,75,28,58131.91,0,1,1,0
63899.0,1,56,57,84743.0,0,0,1,0
54798.0,1,54,29,75534.4,0,1,0,0
54744.0,4,78,28,81481.56,0,1,0,0
58383.0,2,46,30,69300.19,1,0,0,0
58709.0,4,85,58,90313.75,0,0,0,0
54126.0,2,43,41,73396.24,0,0,0,0
52976.0,4,50,50,70039.59,0,1,0,0
50339.0,2,60,19,70424.37,0,0,0,0
61609.0,2,74,43,91694.57,0,1,1,1
63395.0,1,66,49,74782.68,0,1,1,0
61270.0,2,73,27,102262.82,0,1,1,1
61862.0,4,51,52,79093.55,0,0,1,0
60695.0,1,62,50,70326.56,0,0,1,0
59922.0,3,42,54,86260.0,0,1,1,0
53748.0,2,74,44,63434.77,1,0,0,0
62196.0,2,69,32,66943.01,1,0,0,0
52827.0,2,43,34,65127.58,0,0,1,0
56003.0,1,68,26,79572.91,1,0,0,0
60107.0,3,40,34,108959.68,0,1,0,1
67292.0,3,46,57,75485.17,0,0,1,0
49605.0,4,58,29,66564.34,1,0,0,0
63647.0,3,50,40,77855.11,1,0,0,0
48581.0,4,69,27,58157.33,1,0,0,0
63334.0,1,71,45,94904.92,0,0,0,1
62264.0,2,52,64,114996.23,0,1,1,1
61180.0,1,53,52,84453.82,1,0,1,0
63370.0,1,38,61,112185.3,0,0,0,1
52121.0,4,64,52,85433.78,1,0,1,1
58782.0,4,81,61,71725.42,0,0,1,0
52717.0,3,81,56,69686.43,1,0,1,0
65291.0,2,51,43,87624.82,0,1,0,0
62820.0,3,62,64,75366.41,0,1,1,0
55219.0,3,36,60,69293.67,0,1,0,0
50637.0,4,81,62,72653.54,0,1,0,0
56777.0,3,72,50,101676.27,0,0,0,1
48367.0,2,82,46,64602.94,0,1,0,0
50440.0,4,49,24,84891.91,0,0,0,0
56640.0,4,59,62,80912.22,0,1,1,0
52862.0,4,38,60,75668.6,0,0,1,0
66238.0,4,37,63,87865.95,1,0,0,0
63067.0,2,41,49,72570.68,1,0,0,0
50768.0,4,65,34,63243.71,1,0,0,0
62897.0,2,57,33,64127.09,0,1,1,0
56970.0,3,43,46,81291.41,0,1,1,0
50145.0,2,57,36,58437.39,0,0,1,0
57744.0,3,71,19,68804.22,1,0,0,0
50546.0,2,70,57,65555.15,0,1,1,0
49630.0,3,39,50,78953.09,0,1,1,0
49201.0,1,75,30,71665.52,0,0,0,0
59672.0,1,41,33,78716.54,1,0,1,0
65360.0,4,85,18,67305.64,0,0,1,0
56630.0,4,78,46,91874.27,1,0,0,0
66225.0,2,52,46,68828.39,0,1,0,0
50905.0,1,51,47,71592.06,1,0,0,0
70139.0,3,57,23,69655.87,1,0,0,0
50225.0,3,78,18,55965.32,0,0,0,0
58491.0,1,82,48,77992.0,0,0,1,0
54429.0,3,73,35,67723.64,0,0,0,0
48660.0,4,40,19,69552.9,0,0,0,1
54944.0,4,52,21,71319.69,0,0,1,0
45569.0,1,45,21,61314.49,0,0,0,0
54688.0,3,72,49,77659.8,0,0,1,0
55031.0,3,38,56,79567.5,1,0,1,0
47800.0,3,51,42,64852.24,0,0,1,0
53525.0,3,76,44,76874.67,1,0,1,0
58158.0,4,52,18,74609.27,0,1,0,0
45831.0,4,50,61,67830.32,0,0,1,0
49068.0,3,38,57,76946.27,0,0,0,0
59055.0,1,62,42,74170.88,0,1,0,0
56061.0,1,50,26,89914.73,0,0,1,1
54739.0,1,41,20,57101.04,1,0,0,0
48909.0,1,63,23,72988.31,0,0,0,1
53938.0,1,61,39,75465.42,0,1,1,1
64117.0,4,77,24,98229.46,1,0,0,1
53523.0,1,61,64,75104.22,0,1,0,0
54533.0,1,68,62,94600.05,0,0,1,0
41686.0,2,52,27,71243.97,1,0,1,1
52894.0,2,43,55,101285.3,1,0,0,1
54634.0,2,76,55,78275.87,1,0,0,0
71502.0,4,49,35,74600.09,1,0,0,0
49626.0,3,59,44,72344.51,0,0,1,0
64324.0,4,74,19,71994.5,1,0,0,0
62778.0,1,51,58,77589.36,0,0,0,0
52970.0,1,49,50,90017.28,0,0,1,0
45893.0,4,75,26,65271.68,0,0,1,0
50488.0,2,59,24,66640.89,0,1,0,0
60137.0,4,65,48,89189.31,0,0,0,0
57816.0,4,66,19,59189.52,1,0,1,0
51943.0,1,62,48,69695.94,0,0,1,0
59544.0,3,51,49,70404.0,1,0,0,0
61499.0,2,76,46,64944.99,0,0,0,0
41294.0,1,39,46,71733.25,0,0,0,0
58538.0,1,75,43,76807.18,0,1,0,0
57406.0,2,61,21,84235.74,0,0,1,0
50528.0,1,68,64,74927.63,0,1,1,0
61700.0,4,36,18,66204.58,0,0,1,0
47270.0,1,51,51,68331.12,0,1,0,0
69065.0,1,76,47,80932.58,0,0,0,0
60257.0,4,39,64,82519.16,1,0,0,0
61079.0,1,79,49,77040.51,0,0,1,0
42108.0,3,49,31,72612.42,0,0,0,0
63977.0,4,63,52,84692.16,0,1,1,0
45174.0,3,61,33,65377.42,0,0,0,0
52699.0,3,69,47,69660.75,0,1,1,0
42512.0,2,80,38,69717.83,0,1,1,0
55176.0,3,75,32,57008.66,1,0,0,0
38605.0,1,38,19,69365.78,0,0,1,0
46677.0,1,39,44,77774.74,0,0,0,1
45778.0,1,71,26,79016.85,0,1,0,1
43939.0,2,39,25,74387.54,0,1,1,0
56398.0,4,57,19,68191.78,0,1,1,0
55835.0,2,42,43,60230.16,0,1,1,0
63076.0,2,76,52,73796.54,0,1,0,0
42990.0,4,69,36,72310.2,0,1,1,1
65196.0,4,57,64,81015.32,1,0,0,0
52971.0,3,38,63,81697.6,0,1,0,1
59430.0,4,54,64,104243.15,1,0,0,1
60711.0,1,65,61,101556.34,0,1,0,1
55375.0,1,68,40,106794.93,1,0,1,1
52454.0,4,73,25,71600.02,0,0,0,0
58185.0,3,83,48,81949.56,1,0,0,0
47925.0,1,36,45,73749.23,0,0,1,0
47421.0,2,53,38,71375.68,1,0,1,0
51533.0,3,61,18,72477.67,0,1,0,0
36990.0,2,43,21,65008.02,0,0,0,0
56116.0,1,67,27,84698.85,0,1,0,0
62878.0,2,47,19,97088.21,1,0,1,0
42736.0,3,64,29,60591.81,1,0,1,0
55608.0,1,78,42,70832.23,1,0,0,0
59842.0,4,46,60,71889.51,0,1,0,0
56444.0,3,45,31,73635.67,0,0,0,0
53316.0,1,48,60,70999.92,1,0,0,0
53856.0,2,75,22,66756.42,1,0,0,0
54873.0,2,58,35,72489.65,0,0,1,0
68315.0,3,79,52,81832.1,1,0,1,0
52544.0,1,42,26,73939.42,0,0,1,0
57189.0,3,47,31,66790.5,0,0,1,0
57695.0,2,55,33,96600.42,0,1,0,1
68011.0,2,70,18,53020.32,0,1,0,0
64691.0,2,44,59,80588.67,1,0,0,0
53910.0,3,75,56,90228.63,1,0,1,1
60907.0,2,57,45,79263.09,0,1,1,0
54327.0,2,64,60,88561.51,1,0,1,0
46538.0,1,53,56,62424.16,1,0,0,0
52796.0,2,79,40,65442.63,0,1,0,0
64231.0,1,75,35,66671.19,0,1,1,0
59444.0,3,59,39,76341.13,1,0,1,0
49831.0,3,63,30,73782.54,1,0,1,0
45913.0,3,75,24,69436.17,1,0,0,0
52310.0,4,47,20,56862.74,1,0,0,0
69868.0,4,55,32,79427.58,1,0,0,0
60939.0,1,74,59,91681.45,0,1,1,0
57469.0,3,45,55,77103.63,1,0,0,0
52571.0,3,72,57,66313.95,0,1,1,0
67425.0,1,59,56,82675.11,0,1,1,0
59817.0,1,78,40,67427.14,0,0,1,0
65657.0,3,83,49,76090.01,1,0,1,0
50292.0,1,49,42,85106.53,1,0,0,1
60081.0,2,41,62,75901.99,0,0,1,0
52897.0,4,49,56,82030.46,0,0,0,0
52642.0,1,84,19,63601.24,0,1,1,0
50843.0,3,45,30,67351.02,1,0,1,1
56192.0,2,50,60,81955.26,0,1,1,0
58100.0,4,67,56,67700.67,1,0,1,0
47928.0,3,83,28,92828.33,1,0,1,0
50000.0,4,37,18,64431.37,0,1,0,0
59968.0,3,85,27,55221.36,0,0,1,0
57102.0,3,49,18,66958.6,0,0,1,0
51617.0,3,47,19,71871.01,0,0,1,0
57304.0,2,85,47,93477.17,0,1,0,0
53736.0,4,45,54,79771.46,1,0,1,1
51073.0,2,45,61,86575.65,1,0,0,1
50138.0,3,70,24,95813.53,0,0,1,1
63654.0,2,56,25,75793.14,0,1,0,0
57408.0,1,83,21,56636.9,0,1,1,0
55569.0,4,69,23,65668.72,0,1,0,0
63988.0,2,79,63,80614.98,0,0,0,0
61721.0,2,45,49,70220.52,0,0,0,0
59669.0,2,81,18,53921.11,1,0,0,0
65851.0,2,60,51,75572.88,0,1,1,0
62411.0,4,42,48,77207.7,0,1,1,0
55412.0,1,68,31,60710.06,0,0,1,0
43715.0,1,78,54,75143.25,1,0,1,0
54231.0,1,62,19,76382.82,0,1,0,0
64433.0,3,46,44,111735.76,0,0,0,1
55232.0,1,80,53,65540.32,0,0,1,0
61583.0,3,52,19,67531.15,1,0,0,0
46532.0,2,83,61,75598.32,0,1,1,0
53540.0,1,67,18,69264.0,0,1,0,0
64566.0,3,81,61,89477.54,0,1,1,0
48681.0,4,81,21,82925.12,1,0,0,1
56554.0,1,74,20,76083.3,0,0,0,0
51206.0,3,53,31,68596.74,0,1,1,0
52435.0,1,55,45,74170.13,1,0,0,0
50155.0,4,39,44,59306.19,0,1,1,0
64187.0,4,39,62,67432.59,0,1,0,0
59413.0,1,82,29,95450.98,0,0,0,1
46707.0,3,47,43,72730.05,0,0,0,0
47277.0,3,59,51,83631.77,1,0,1,1
58500.0,2,35,19,96401.16,1,0,1,1
57730.0,3,77,38,64151.37,1,0,1,0
51923.0,2,62,37,78114.29,0,0,1,0
51612.0,2,37,22,60924.86,0,0,0,0
43980.0,3,77,21,71338.39,1,0,1,0
45394.0,4,60,24,65139.49,0,0,0,0
55176.0,4,35,57,69100.46,0,0,0,0
56245.0,2,45,56,86927.86,1,0,0,0
59043.0,2,49,27,69219.33,1,0,0,0
48766.0,4,37,51,73707.1,0,1,0,0
58626.0,4,61,19,76788.27,0,1,0,0
52001.0,2,49,39,85600.1,1,0,1,1
59352.0,4,43,58,85744.04,1,0,1,0
64052.0,3,52,20,91330.57,1,0,0,0
57344.0,4,38,45,68928.96,1,0,0,0
54246.0,1,64,35,71387.98,0,1,1,0
51942.0,3,44,31,66988.1,0,0,0,0
56726.0,2,58,50,92894.44,0,1,1,0
67851.0,3,37,32,67278.35,0,1,0,0
62959.0,3,49,51,79975.83,0,1,0,0
60621.0,1,56,38,61501.14,1,0,1,0
53839.0,4,67,42,100719.01,1,0,0,1
59229.0,3,85,18,61871.8,1,0,0,0
54598.0,4,42,19,74819.09,1,0,0,0
51247.0,4,73,51,71395.15,0,0,0,0
69245.0,1,46,46,76576.5,1,0,1,0
45520.0,2,75,18,59940.2,0,0,1,0
65606.0,1,35,57,101280.17,1,0,1,1
59206.0,2,63,62,73927.15,0,0,1,0
50418.0,4,84,59,82172.24,0,1,1,0
62251.0,2,56,37,80040.49,0,0,1,0
67078.0,3,62,64,81452.04,0,0,1,0
56981.0,1,35,38,68630.86,0,0,0,0
64976.0,2,68,33,79118.64,0,1,0,0
59392.0,2,80,46,77197.29,0,1,1,0
52617.0,1,75,46,70505.65,1,0,1,0
51484.0,3,51,53,87095.67,1,0,0,0
62724.0,1,81,34,61484.31,0,0,0,0
57844.0,2,42,20,65493.39,0,1,0,0
58479.0,1,62,63,74974.14,1,0,1,0
73856.0,1,75,54,121362.73,0,0,0,1
60126.0,1,44,54,66575.29,1,0,1,0
49947.0,2,56,49,85975.9,0,0,1,1
63402.0,1,44,28,67244.5,0,1,1,0
66956.0,4,59,54,69163.02,0,0,0,0
50975.0,2,65,25,63470.6,0,0,1,0
70528.0,2,46,43,103308.6,1,0,1,1
58773.0,3,39,63,78733.5,0,0,1,0
52160.0,3,40,32,59944.47,1,0,0,0
46289.0,4,85,62,80727.84,1,0,1,0
60421.0,1,65,52,69957.72,0,1,1,0
65688.0,1,48,25,86779.9,1,0,1,0
44223.0,1,73,28,60276.99,1,0,0,0
57888.0,1,79,46,69644.59,0,1,0,0
61457.0,2,37,34,62905.33,0,1,0,0
55713.0,1,53,35,91461.53,1,0,0,1
56519.0,1,64,19,68107.12,0,0,1,0
46264.0,3,52,46,59944.19,0,0,1,0
61984.0,1,55,54,73132.19,0,1,0,0
53585.0,4,83,27,66902.35,1,0,0,0
69993.0,2,66,50,77519.72,0,1,0,0
55083.0,4,78,18,64807.83,0,1,0,0
54624.0,3,40,19,64539.46,0,1,0,0
69272.0,1,52,38,74082.97,1,0,0,0
54790.0,3,37,41,74176.38,0,0,1,0
55440.0,1,48,49,64550.69,0,0,1,0
64558.0,3,47,48,99734.64,1,0,1,1
50385.0,4,67,31,70422.32,1,0,0,0
61828.0,3,42,18,68584.06,0,0,0,0
71543.0,4,82,30,61366.78,0,0,0,0
60757.0,3,48,62,85245.01,1,0,1,0
64225.0,4,43,57,80470.64,0,1,1,0
55470.0,3,36,58,68557.78,0,0,1,0
47049.0,4,65,22,57010.86,0,0,1,0
59101.0,3,56,31,113843.16,0,1,0,1
55453.0,3,67,52,71105.71,1,0,0,0
44848.0,3,41,25,65897.67,0,1,1,0
48183.0,4,35,59,73716.85,0,1,1,0
52782.0,1,56,19,62989.38,0,0,1,0
69431.0,1,49,39,66323.22,1,0,1,0
51589.0,4,41,32,78048.35,0,0,1,0
48860.0,4,67,19,65236.18,0,1,1,0
50087.0,1,82,33,59009.52,0,0,0,0
49047.0,3,40,21,74563.83,0,0,0,0
56231.0,1,74,34,92698.56,0,0,0,1
61046.0,4,60,61,77981.88,0,1,0,0
57851.0,1,79,38,61211.79,0,1,0,0
57087.0,4,57,58,78324.59,0,1,1,0
48844.0,2,78,47,70576.11,0,1,0,0
51214.0,2,54,20,59565.94,1,0,1,0
49750.0,4,70,21,65081.36,0,1,1,1
68145.0,3,84,41,64093.96,0,1,1,0
55675.0,1,46,46,76864.52,0,1,0,0
53388.0,2,61,42,70286.85,0,0,0,0
57584.0,4,44,34,73572.32,1,0,1,0
56087.0,3,85,43,74611.23,1,0,0,0
65165.0,1,79,52,100742.29,1,0,0,0
61095.0,1,54,18,53472.6,0,0,1,0
55522.0,3,38,51,79954.36,0,1,1,0
54823.0,2,64,56,78933.39,0,0,1,0
62830.0,4,51,64,83153.13,0,0,1,0
54550.0,1,53,19,73581.57,0,1,1,1
54662.0,3,74,51,70751.48,1,0,1,0
49239.0,4,45,27,63459.16,0,0,0,0
53652.0,2,68,59,82182.86,0,1,1,1
50659.0,3,63,28,77372.88,0,0,0,0
59169.0,4,51,30,95875.83,0,0,1,1
56043.0,1,44,47,62426.39,0,0,0,0
59528.0,2,35,38,65621.21,1,0,0,0
54324.0,2,74,18,65404.57,0,1,1,0
40574.0,2,66,34,62314.99,0,0,1,0
60511.0,4,56,20,55486.61,0,1,1,0
61626.0,3,42,47,102099.91,0,0,1,1
56704.0,4,73,56,77326.3,0,0,0,0
55507.0,3,68,49,81770.13,0,1,1,1
63071.0,2,60,19,95369.35,0,1,0,1
60356.0,4,51,55,77809.72,0,0,1,0
55650.0,4,75,30,62505.95,0,1,0,0
55291.0,3,56,37,102592.89,0,1,1,1
50234.0,3,42,49,75835.34,0,0,0,0
57309.0,2,44,18,108840.13,0,0,0,1
49801.0,1,40,59,78467.44,0,0,1,0
53160.0,1,46,29,62498.78,0,0,1,0
51698.0,1,67,36,82885.09,1,0,1,0
69671.0,3,36,33,67675.99,0,0,1,0
62309.0,4,61,58,87098.07,0,0,1,0
62634.0,1,56,44,99438.63,1,0,1,1
64138.0,4,35,53,72864.74,0,0,0,0
51339.0,3,75,24,72905.05,0,0,1,0
56337.0,3,78,29,69201.42,1,0,0,0
47655.0,2,80,40,76955.42,0,1,0,0
63372.0,3,43,51,82767.25,0,0,0,0
63512.0,3,43,64,85418.25,0,1,1,0
47893.0,1,53,19,66799.89,0,1,1,0
63895.0,1,80,35,83672.86,0,1,1,0
52623.0,1,47,39,80856.11,0,0,1,1
58616.0,4,38,56,70153.22,0,1,0,0
65363.0,3,79,33,73418.48,1,0,0,0
53149.0,1,71,42,84130.43,0,1,0,1
56350.0,4,37,61,83817.75,0,0,0,0
57901.0,4,82,23,70462.3,0,1,1,0
56632.0,2,46,43,85006.88,0,1,0,0
53453.0,1,39,48,73023.46,0,1,0,0
53821.0,2,63,39,74467.3,1,0,0,0
45986.0,4,55,40,73401.83,0,1,0,0
54357.0,3,54,18,77579.31,0,1,0,0
61409.0,3,77,58,78989.16,1,0,1,0
66330.0,4,44,49,68736.41,1,0,1,0
64649.0,3,47,53,79999.26,1,0,1,0
52136.0,4,77,48,63749.73,1,0,0,0
60103.0,3,74,45,74810.66,0,1,0,0
62521.0,1,70,59,77733.27,0,0,1,0
49103.0,1,80,52,81128.88,1,0,1,1
71328.0,1,65,26,77695.83,0,1,1,0
58953.0,4,46,27,64535.0,0,0,1,0
59927.0,2,51,48,87640.58,0,0,1,0
49840.0,3,37,57,69511.75,1,0,1,0
67431.0,3,46,37,66775.8,0,1,1,0
45910.0,3,44,57,82368.08,0,1,1,0
51683.0,3,55,32,62070.15,0,0,1,0
54298.0,4,44,18,69619.85,0,0,0,0
49209.0,3,59,64,78320.21,0,1,1,1
62631.0,2,68,43,105727.87,1,0,1,1
55394.0,1,61,49,79057.81,0,0,0,0
57876.0,2,39,40,99227.71,1,0,0,1
60476.0,1,85,62,113212.07,0,0,0,1
53787.0,2,42,40,66886.63,0,1,0,0
59116.0,1,81,30,63752.0,0,0,0,0
53671.0,2,65,29,68221.29,0,1,1,0
55289.0,2,75,36,60479.67,1,0,0,0
52987.0,1,52,41,68586.4,0,0,1,0
71473.0,4,84,44,92655.28,0,1,0,1
45893.0,3,70,45,66715.6,0,0,1,0
63091.0,3,68,55,77143.39,1,0,0,0
56830.0,1,84,60,108471.68,0,0,1,1
64221.0,1,55,56,91904.17,0,1,1,0
50761.0,2,62,49,72795.44,0,0,1,0
44663.0,1,61,21,67584.07,0,1,0,0
47451.0,1,44,19,64086.37,1,0,1,0
60917.0,3,69,39,101886.28,0,1,1,1
47576.0,4,68,53,66654.11,1,0,1,0
40632.0,2,61,33,71017.54,0,0,0,0
53942.0,1,44,53,79333.46,0,0,1,0
50105.0,4,74,42,76594.04,0,1,0,0
63562.0,3,41,40,79720.02,0,0,1,0
49275.0,3,38,47,84809.17,0,1,1,0
52857.0,2,49,27,87581.33,0,1,1,1
52889.0,2,80,21,61991.12,0,0,0,0
63893.0,3,73,47,79299.74,0,0,1,0
58001.0,1,82,20,63021.18,1,0,1,0
48539.0,2,59,24,62387.28,1,0,0,0
62261.0,4,39,27,59214.25,0,1,1,0
66242.0,2,81,26,62441.32,1,0,1,0
61262.0,2,82,53,91266.27,0,1,1,0
61930.0,1,76,41,96932.92,0,0,1,1
58204.0,2,82,56,69392.13,0,1,0,0
66907.0,3,64,23,70599.91,0,1,1,0
60810.0,4,57,21,62927.79,1,0,1,0
71549.0,4,47,50,83116.21,1,0,1,0
63687.0,3,65,53,79063.48,1,0,1,0
55575.0,2,76,34,66913.22,0,1,1,0
51340.0,3,53,47,62978.36,0,0,1,0
55989.0,1,61,33,73230.0,1,0,0,0
61656.0,3,51,51,92299.77,1,0,0,1
53303.0,2,57,49,71335.91,0,1,1,0
52308.0,4,46,31,75515.45,0,1,0,0
50961.0,2,74,36,67015.8,0,1,0,0
64693.0,4,64,18,57202.89,0,1,1,0
53444.0,3,49,50,73486.99,0,1,0,0
50977.0,2,39,43,69543.95,0,0,0,0
64679.0,3,84,20,71605.72,0,0,0,0
46192.0,1,45,24,61873.12,0,1,0,0
51157.0,1,74,60,86136.48,0,0,0,0
50975.0,1,84,49,71254.94,0,1,1,0
44522.0,4,75,60,73051.32,0,1,0,0
66466.0,4,82,51,67802.33,0,0,1,0
57809.0,4,73,58,75308.28,0,0,0,0
64865.0,3,37,51,68233.58,0,1,1,0
64419.0,3,54,53,76205.05,0,1,1,0
61665.0,4,85,62,77770.17,0,0,0,0
58401.0,4,48,19,65546.96,0,0,0,0
56452.0,3,58,50,79834.42,0,0,1,0
59079.0,4,83,30,89784.95,0,1,1,1
57178.0,1,49,41,62471.09,1,0,1,0
43154.0,1,41,29,73960.7,0,1,0,1
66113.0,4,78,18,62118.85,0,1,0,0
61367.0,4,53,41,68783.96,0,0,0,0
50269.0,3,59,35,74956.52,1,0,0,1
49579.0,3,68,53,75501.92,1,0,1,0
59535.0,1,74,24,66900.02,0,1,1,0
50357.0,2,42,48,67920.6,1,0,0,0
59413.0,1,66,59,84043.43,1,0,0,0
62127.0,4,65,49,68574.13,1,0,0,0
64762.0,1,63,37,89205.84,0,1,1,1
49361.0,3,82,26,77401.56,0,1,0,0
61256.0,2,65,23,107835.84,1,0,1,1
63258.0,2,57,29,110711.65,0,1,0,1
52271.0,3,77,45,76233.83,1,0,0,0
59081.0,3,62,27,65293.58,0,0,0,1
63947.0,4,50,53,104204.57,0,1,1,1
47765.0,3,64,31,67385.21,0,1,1,0
56001.0,3,46,50,65581.33,0,1,1,0
53097.0,4,75,50,59911.02,1,0,0,0
55213.0,2,55,34,82878.09,0,1,0,0
46248.0,4,38,19,57703.78,1,0,0,0
64931.0,4,70,47,73093.09,0,1,1,0
52432.0,2,57,28,64475.07,1,0,1,0
46681.0,1,64,37,69477.9,0,1,1,1
53992.0,3,72,21,63291.77,0,1,0,0
61431.0,4,45,64,82384.89,0,0,1,0
43343.0,4,80,58,70164.12,0,0,1,0
55168.0,3,82,24,78091.05,0,0,0,0
57128.0,4,77,31,79414.18,1,0,0,0
49004.0,2,73,39,75738.92,1,0,0,0
55294.0,3,68,47,74594.62,0,1,1,1
60466.0,2,84,30,64052.01,0,0,1,0
68023.0,3,54,18,92851.94,0,0,1,1
56831.0,2,47,22,59150.62,1,0,0,0
60909.0,3,67,23,68466.49,0,0,1,0
54744.0,4,62,33,85461.75,0,0,0,1
54660.0,3,43,27,75374.6,1,0,1,0
55085.0,1,59,45,69720.35,0,1,0,0
54021.0,3,60,57,74557.88,1,0,1,0
57988.0,3,67,47,80463.2,0,1,0,0
53563.0,2,82,42,71950.15,1,0,0,0
65041.0,3,35,64,79054.09,0,0,0,0
49106.0,4,64,38,63268.59,1,0,0,0
60296.0,2,56,61,96256.6,0,0,0,0
52516.0,2,55,53,68076.23,1,0,1,0
62913.0,4,55,44,81307.63,0,1,0,0
56259.0,2,37,19,76235.42,0,1,1,1
58635.0,2,76,41,64401.61,0,1,1,0
58393.0,2,54,51,81726.8,1,0,1,0
56343.0,3,58,40,75930.73,0,1,1,0
69103.0,3,61,45,81819.78,0,1,0,0
56302.0,2,78,35,62792.65,0,1,1,0
58682.0,4,56,53,73479.74,0,1,0,0
44755.0,4,79,30,73291.9,1,0,1,1
68087.0,2,48,18,66140.38,0,0,1,0
61111.0,3,67,51,71038.65,0,1,1,0
53210.0,1,40,50,92436.86,1,0,1,1
56411.0,2,56,31,62441.06,0,1,0,0
49618.0,3,79,35,73044.66,0,0,0,0
59442.0,2,72,60,74787.18,0,0,1,0
61362.0,2,51,21,62090.11,1,0,0,0
42655.0,2,70,29,71426.63,1,0,0,0
51003.0,4,74,62,76961.06,0,1,0,0
62984.0,1,38,39,72415.05,0,1,1,0
55600.0,4,58,19,73330.78,1,0,0,0
52226.0,2,61,22,64833.39,0,1,0,0
46979.0,1,66,53,75738.72,0,0,0,1
59752.0,3,46,39,71427.16,1,0,1,0
49839.0,1,81,27,78089.72,0,0,0,1
68797.0,2,79,30,71340.34,0,0,0,0
50705.0,3,52,30,62955.46,1,0,1,0
55987.0,4,50,58,69343.89,0,1,1,0
51256.0,4,75,33,73503.98,1,0,0,1
51639.0,1,69,42,60460.07,1,0,0,0
59523.0,2,55,64,73467.46,1,0,0,0
46380.0,1,62,21,70752.08,1,0,0,0
71123.0,4,57,18,100497.31,0,0,1,1
48611.0,4,61,23,70232.9,1,0,1,0
57328.0,4,65,45,60284.58,0,0,1,0
63521.0,4,82,40,82780.39,0,1,1,0
57604.0,3,82,19,65275.62,0,1,1,0
59305.0,4,78,18,74275.1,0,1,0,0
47312.0,4,75,25,71026.4,0,0,1,0
54513.0,3,82,46,80991.21,1,0,0,0
63523.0,3,45,33,58048.12,0,1,0,0
48852.0,1,76,54,68903.48,1,0,1,0
44096.0,3,60,28,79412.82,0,1,0,0
58892.0,2,79,36,65165.86,0,1,0,0
54118.0,2,50,20,56178.11,0,1,1,0
44960.0,4,42,24,61624.9,0,0,1,0
58422.0,2,54,23,75585.98,0,1,1,0
49329.0,4,46,47,85420.69,0,0,1,1
59455.0,4,43,33,112797.03,1,0,1,1
62637.0,2,65,45,69816.63,0,0,0,0
45637.0,4,37,26,70626.09,0,1,1,0
59481.0,4,77,18,64189.89,0,0,1,0
57100.0,2,54,44,65875.31,0,1,1,0
49702.0,2,85,60,76284.19,1,0,0,0
54415.0,3,75,64,73791.08,0,1,0,0
52110.0,1,67,56,98530.39,0,0,1,1
49570.0,4,72,36,83977.24,0,0,1,1
60301.0,3,66,41,100861.51,1,0,0,1
43612.0,3,48,39,71010.86,0,1,0,0
59933.0,3,77,63,80641.2,0,0,0,0
53563.0,3,69,36,55882.26,0,0,0,0
50705.0,3,74,28,55436.85,0,1,0,0
56493.0,1,73,58,74613.3,0,0,1,0
61040.0,3,54,36,78423.94,0,0,1,0
58049.0,2,51,42,65084.43,0,0,0,0
54506.0,2,65,36,68699.58,0,0,0,0
55502.0,1,47,56,81558.03,1,0,0,0
43496.0,1,57,35,59786.34,0,1,1,0
55109.0,2,68,59,62624.16,0,1,1,0
52417.0,3,73,21,72336.45,0,0,1,0
48990.0,4,83,59,79310.37,0,1,1,0
62458.0,2,66,23,84342.95,0,0,0,1
50520.0,1,80,57,77117.5,0,1,1,1
59420.0,2,46,53,76789.76,1,0,0,0
62279.0,1,84,60,105013.72,0,1,1,1
63285.0,2,62,51,86109.93,1,0,1,0
71756.0,4,67,23,72141.43,0,0,0,0
44682.0,4,44,27,62625.75,0,1,1,0
57576.0,2,43,55,79029.75,0,1,0,0
58364.0,2,74,37,94112.48,0,1,1,1
58625.0,1,63,61,85704.69,0,1,0,0
60754.0,2,65,46,110450.43,0,0,1,1
52462.0,3,57,53,74631.46,0,0,1,0
52402.0,3,65,49,74672.78,0,1,0,1
53334.0,1,77,20,72656.08,0,0,1,0
62455.0,4,60,48,102188.48,0,1,0,1
52388.0,2,40,25,81777.6,0,1,1,1
52322.0,1,49,25,76563.41,0,1,1,0
52235.0,3,36,57,87812.2,0,1,0,0
75785.0,4,63,37,110338.25,0,0,0,1
49974.0,2,77,38,60572.12,0,1,0,0
56950.0,4,44,55,64365.88,0,1,0,0
45321.0,1,65,36,64269.18,0,0,0,0
47794.0,2,50,51,70541.87,1,0,0,0
53920.0,2,60,40,73208.38,1,0,1,0
62728.0,4,71,18,65436.75,1,0,0,0
65633.0,3,56,57,73353.22,1,0,1,0
47254.0,4,83,61,83867.16,0,0,0,0
44699.0,3,75,25,57799.66,0,1,0,0
59813.0,1,79,50,82305.51,0,1,1,0
54051.0,2,40,26,65478.95,0,0,0,0
47027.0,3,71,42,74077.19,0,0,0,0
50329.0,4,64,43,70299.7,0,1,0,0
42581.0,4,62,44,75358.79,0,1,0,0
55895.0,4,40,23,61970.76,0,0,1,0
49123.0,4,53,49,93648.47,1,0,0,0
62570.0,3,61,33,76271.87,0,0,1,0
58546.0,4,56,41,79412.09,0,0,1,0
56740.0,1,49,37,76894.94,0,0,0,0
54979.0,4,72,22,65489.23,1,0,0,0
47472.0,2,77,23,60817.97,0,0,0,0
44468.0,2,85,21,69857.81,0,0,1,0
64930.0,1,66,51,114939.65,0,1,0,1
54374.0,3,46,25,70244.25,1,0,1,0
56541.0,2,55,32,83707.39,0,0,0,1
57679.0,4,70,57,87477.23,0,1,0,1
54712.0,1,49,36,64010.16,0,0,0,0
63180.0,2,63,22,82469.16,1,0,0,0
60270.0,4,69,57,70126.63,1,0,1,0
47495.0,4,38,64,80020.81,0,0,1,1
55139.0,3,45,36,72854.07,0,1,0,0
51735.0,3,61,54,66678.16,0,1,1,0
61650.0,3,51,47,106083.08,0,0,1,1
58586.0,3,39,62,75871.39,1,0,1,0
66002.0,1,83,61,74820.02,0,0,1,0
47266.0,1,61,43,84114.74,0,0,1,1
47405.0,2,55,19,68346.92,1,0,0,0
64420.0,3,65,18,58213.89,0,1,1,0
43863.0,2,72,19,61926.91,0,0,1,0
43788.0,4,85,49,67487.61,0,0,1,0
63425.0,4,38,60,101535.38,0,0,1,1
54728.0,3,37,26,63450.6,0,1,1,0
57972.0,3,41,49,72940.89,0,0,0,0
63978.0,3,46,60,82356.56,0,1,1,0
57607.0,4,65,26,67500.35,0,1,0,0
60357.0,3,36,27,72642.89,0,1,1,0
57009.0,3,51,44,70973.39,0,0,1,0
65649.0,3,42,63,84786.24,0,1,0,0
47419.0,2,50,32,77614.88,1,0,1,1
55922.0,2,77,22,71337.37,0,1,0,0
61427.0,2,41,18,87870.75,1,0,0,1
55640.0,3,42,59,70233.93,0,0,1,0
55241.0,4,79,44,76125.83,0,0,1,0
48676.0,1,58,33,61726.27,0,0,1,0
58164.0,4,53,24,64801.96,0,0,1,0
56740.0,4,77,43,78680.21,0,0,0,1
45505.0,3,57,45,99918.3,0,0,1,1
48360.0,3,41,61,74265.4,0,0,1,0
55929.0,1,80,35,59047.34,1,0,1,0
53493.0,4,53,62,80458.58,0,1,0,0
61004.0,1,35,62,80531.42,0,1,0,0
56939.0,3,75,38,75515.74,0,0,0,0
57954.0,1,71,34,68438.25,0,1,1,0
49897.0,4,51,43,70647.33,1,0,0,0
58645.0,3,41,50,98335.39,0,0,1,0
50229.0,2,41,19,67718.5,0,0,0,0
45588.0,2,81,57,66422.09,0,0,0,0
66693.0,1,76,62,66501.14,0,1,1,0
62665.0,4,37,41,78535.73,0,1,1,0
69083.0,2,83,26,76813.5,0,0,1,0
54377.0,3,62,39,68986.8,0,1,0,0
55776.0,3,82,46,81036.78,0,0,0,0
64803.0,4,41,45,77615.87,1,0,1,0
63553.0,2,44,32,74583.85,0,1,0,0
50259.0,3,51,59,64959.88,0,0,1,0
54908.0,4,73,44,94707.74,0,0,1,0
45698.0,1,78,39,67433.0,1,0,0,0
49782.0,4,52,18,68119.11,1,0,0,0
57965.0,2,55,53,63691.22,0,1,0,0
47177.0,4,82,18,59812.41,1,0,1,0
72319.0,1,51,50,63538.43,0,1,0,0
67969.0,2,40,18,77435.2,0,1,0,0
45487.0,3,37,19,68015.59,0,0,0,0
64010.0,1,46,62,78249.35,1,0,1,0
59227.0,2,47,56,76488.51,0,0,0,0
56738.0,3,49,42,68689.9,0,0,1,0
62898.0,3,60,37,112310.5,0,1,0,1
59175.0,2,82,42,71663.53,0,0,0,0
57608.0,2,49,25,78713.91,0,0,0,1
42804.0,2,37,57,74893.91,0,0,1,0
65482.0,3,39,51,106633.64,0,1,1,1
57042.0,4,42,30,60644.12,0,1,0,0
56350.0,2,74,44,104154.81,0,0,0,1
50451.0,1,56,34,74128.76,1,0,1,1
62759.0,3,37,31,69951.41,1,0,0,0
59683.0,1,81,54,97523.1,0,0,1,1
47381.0,1,48,24,73987.04,0,1,1,0
63504.0,4,84,43,105528.87,0,0,1,1
57127.0,4,61,48,99276.61,1,0,0,0
64290.0,1,66,19,60547.58,0,1,0,0
54212.0,4,38,29,68571.4,0,0,0,0
59576.0,1,62,63,69043.09,1,0,1,0
48175.0,3,49,46,77795.84,0,1,0,0
63797.0,2,37,52,86647.26,0,0,1,0
48682.0,1,85,35,63554.03,0,1,0,0
46558.0,3,80,51,80430.97,1,0,1,1
48690.0,2,72,44,72842.01,0,1,1,0
54340.0,2,53,21,65228.8,0,0,1,0
63711.0,1,73,39,65032.62,0,1,1,0
49427.0,3,40,50,67402.38,1,0,0,0
44122.0,4,85,34,69206.59,1,0,1,0
45932.0,1,84,22,55399.38,0,1,0,0
69670.0,2,62,19,64748.93,0,1,0,0
65207.0,4,61,26,67929.18,0,0,0,0
45354.0,3,72,29,74793.11,0,1,0,1
67339.0,1,37,48,69262.14,0,0,0,0
54440.0,1,53,26,61913.04,0,0,1,0
63423.0,2,54,45,70907.55,0,0,1,0
55621.0,1,57,36,63331.0,1,0,0,0
46432.0,3,61,54,102860.45,1,0,1,0
49513.0,1,84,34,69525.33,1,0,1,0
52918.0,4,61,31,82323.34,0,1,1,1
51609.0,4,72,27,69498.18,0,0,1,0
58698.0,1,42,20,75139.44,1,0,1,0
49215.0,1,35,44,66596.56,0,1,1,0
50665.0,3,42,43,66304.02,1,0,1,0
49942.0,2,57,45,92925.38,0,1,0,0
59353.0,1,75,34,69939.63,0,1,1,0
42342.0,2,37,24,70469.63,0,1,0,1
43714.0,4,79,26,59175.73,0,0,1,0
55163.0,4,67,38,79945.54,0,1,1,0
52938.0,2,55,50,76461.93,0,1,1,0
55938.0,3,63,38,74774.9,0,1,0,0
40365.0,3,54,27,68402.56,0,0,1,1
51564.0,4,37,39,68158.59,0,0,0,0
58789.0,3,73,39,78067.29,0,1,0,0
58063.0,2,63,63,77986.3,0,0,1,0
56799.0,2,56,33,62165.11,0,1,1,0
53629.0,4,68,36,69648.9,0,0,0,0
45294.0,4,45,30,70944.17,0,0,1,1
58036.0,2,83,24,92011.57,0,1,0,1
54669.0,2,39,24,66673.19,1,0,0,0
50452.0,3,42,48,91483.53,1,0,0,0
45684.0,3,46,47,78841.27,0,1,0,0
53872.0,4,56,29,70996.88,1,0,0,0
53529.0,1,79,28,77430.4,0,0,1,0
57125.0,2,81,47,89234.87,0,0,0,1
45486.0,1,48,25,81681.11,0,0,1,0
53134.0,2,68,51,80317.29,1,0,1,0
49260.0,4,78,48,76586.37,0,0,0,0
49044.0,2,61,43,80955.45,1,0,0,1
60235.0,4,46,61,91425.96,1,0,0,0
60813.0,3,65,48,67755.37,0,0,0,0
54218.0,4,42,38,74513.3,0,0,1,0
50083.0,4,72,59,65942.45,0,1,0,0
44912.0,2,67,19,64200.5,0,1,0,0
57851.0,1,83,26,60930.67,0,0,1,0
57569.0,2,42,54,68285.69,1,0,1,0
58670.0,1,43,21,76976.49,0,0,1,0
60290.0,1,53,51,81962.82,0,1,1,0
54753.0,1,61,22,91972.51,0,1,1,1
65622.0,1,39,47,101451.11,1,0,1,1
46183.0,2,52,18,67435.46,0,0,1,0
72661.0,3,74,47,70238.7,0,0,0,0
58601.0,1,75,21,66538.09,1,0,1,0
53160.0,1,48,19,73791.03,0,1,0,1
44074.0,1,67,23,85688.22,0,1,0,0
57795.0,1,43,54,83521.22,0,1,1,0
42750.0,2,76,37,71368.6,1,0,1,0
52091.0,2,53,46,72988.21,0,1,0,1
56729.0,4,81,55,92360.49,1,0,0,1
49998.0,2,35,30,60154.54,1,0,1,0
45634.0,3,71,18,77400.43,0,0,0,1
59128.0,1,56,61,85083.58,1,0,0,0
47026.0,4,71,54,71084.32,1,0,1,0
60268.0,3,78,22,86904.45,0,0,1,1
57970.0,4,44,45,100715.13,1,0,1,1
55204.0,3,83,22,70290.1,0,0,0,0
48698.0,1,51,19,78933.47,1,0,1,0
48779.0,1,79,35,69632.11,0,0,1,1
51224.0,2,84,18,62549.33,0,0,0,0
58035.0,1,64,20,86581.05,1,0,1,1
46857.0,2,39,28,59126.22,0,0,1,0
57928.0,3,58,55,70711.33,0,1,0,0
48975.0,4,56,43,77684.11,0,0,1,1
46945.0,4,53,43,63095.42,0,1,1,0
73214.0,4,57,22,100119.53,0,0,1,1
48934.0,3,73,25,58063.01,0,0,1,0
59776.0,1,48,49,103831.72,0,0,0,1
65198.0,4,55,44,60870.9,0,0,1,0
55202.0,1,56,64,74959.86,0,1,1,0
54972.0,1,85,49,78075.42,1,0,1,0
56927.0,2,79,47,93102.25,0,0,0,1
46207.0,3,71,27,60878.73,1,0,1,0
54594.0,2,50,55,72363.85,1,0,1,0
55117.0,2,59,48,72943.17,0,1,0,0
53985.0,2,45,45,69523.02,1,0,0,0
61926.0,2,46,24,63313.76,1,0,1,0
56184.0,4,58,32,66697.47,1,0,0,0
56101.0,3,62,24,59041.08,0,1,1,0
52401.0,3,48,57,73990.76,0,0,0,0
61410.0,4,83,59,102928.71,0,0,1,1
48638.0,1,54,36,68374.75,1,0,1,0
47527.0,2,77,29,58336.54,1,0,1,0
45405.0,1,78,42,73800.36,1,0,0,0
62532.0,4,70,48,65021.82,0,0,1,0
71760.0,4,40,39,71187.52,0,1,1,0
46342.0,3,42,63,78936.19,1,0,1,0
53031.0,4,68,54,64318.12,0,0,1,0
61439.0,2,56,37,101788.38,0,0,1,1
55130.0,4,54,63,76329.43,0,0,0,0
60214.0,3,59,21,62418.98,0,0,0,0
52854.0,4,52,54,76868.81,1,0,1,0
38765.0,4,72,60,80489.55,0,1,1,0
56405.0,4,71,32,60035.1,0,0,1,0
58805.0,1,36,47,74280.3,1,0,1,0
52168.0,2,40,21,70571.96,1,0,0,0
59767.0,2,37,28,98977.14,1,0,0,1
54644.0,2,40,63,74059.06,0,0,1,0
49891.0,4,75,18,66862.46,1,0,1,0
49405.0,2,76,32,62673.14,1,0,1,0
46596.0,1,49,38,61931.25,1,0,1,0
55954.0,1,67,32,75850.13,0,0,1,0
53647.0,4,64,62,74474.82,1,0,1,0
42415.0,3,65,39,77673.62,0,0,0,1
50550.0,3,78,55,79909.33,0,1,1,0
51700.0,1,37,57,81569.98,1,0,1,0
76815.0,4,75,52,82684.17,0,1,0,0
42916.0,2,66,56,77490.53,1,0,0,0
60526.0,2,51,47,89985.17,0,0,0,1
50140.0,2,42,55,77386.51,0,0,1,0
53962.0,1,58,23,79568.27,0,0,0,0
60155.0,1,64,22,90213.45,0,1,0,1
55621.0,2,51,50,71706.6,1,0,0,0
52670.0,3,76,18,65619.7,1,0,1,0
61692.0,4,53,51,110792.78,1,0,0,1
55209.0,1,84,22,62356.93,0,0,0,0
57955.0,2,55,52,76674.92,1,0,1,0
55133.0,3,68,25,67971.72,1,0,0,0
45664.0,3,39,33,69528.36,1,0,0,1
49258.0,3,37,53,82986.23,0,1,0,0
67454.0,2,84,29,69643.69,1,0,1,0
65689.0,3,36,58,80505.46,0,0,0,0
58428.0,3,65,37,80805.33,0,1,0,0
56828.0,4,48,54,71673.46,1,0,0,0
58460.0,2,41,49,72681.75,0,0,0,0
50281.0,3,51,50,63263.77,0,0,1,0
54657.0,1,71,26,65020.47,0,0,1,0
47867.0,4,39,45,76955.95,0,1,1,0
57924.0,1,43,54,73395.49,0,0,1,0
58912.0,3,85,38,103944.32,0,0,0,1
52752.0,3,35,48,72549.47,1,0,0,1
49279.0,1,76,28,59191.67,0,0,1,0
52642.0,1,85,23,66869.52,0,0,1,0
60253.0,3,58,55,69106.06,0,1,1,0
57597.0,2,52,41,68679.91,1,0,1,0
56103.0,1,66,25,95083.43,0,0,1,1
65653.0,4,49,33,94368.83,1,0,0,1
49231.0,1,49,30,63816.55,0,1,0,0
58772.0,4,56,23,93127.08,1,0,0,1
65684.0,2,79,46,65882.77,0,1,1,0
63609.0,1,47,53,109221.39,0,0,0,1
56990.0,3,58,27,86557.85,1,0,1,0
67772.0,1,38,23,90785.9,1,0,0,1
49925.0,4,64,63,64951.65,0,0,1,0
58284.0,1,40,55,79183.24,0,0,0,0
63979.0,4,42,35,67563.06,0,1,0,0
55342.0,2,63,34,80572.82,0,0,0,0
47766.0,1,82,19,67185.0,1,0,1,0
51176.0,1,58,39,59186.89,0,1,0,0
74256.0,2,40,27,83023.18,1,0,0,0
68071.0,3,85,57,88690.87,0,0,0,0
43991.0,3,63,52,65742.89,0,1,0,0
56932.0,3,60,28,76261.61,0,0,1,0
56426.0,1,70,50,67726.88,0,1,0,0
54155.0,3,70,44,78630.03,0,0,0,0
43851.0,1,65,26,54865.59,0,1,1,0
56122.0,1,54,33,64557.84,0,1,1,0
55131.0,2,42,19,93178.19,0,1,1,1
57751.0,1,48,50,78378.46,0,0,0,0
58653.0,4,66,41,80073.57,1,0,0,0
49004.0,1,69,52,89751.35,0,1,1,0
56930.0,3,74,39,66943.47,0,0,1,0
54247.0,1,49,50,85719.27,1,0,1,0
58582.0,1,68,52,71322.55,0,1,0,0
61709.0,4,39,60,117207.24,0,0,0,1
58409.0,4,37,20,56691.33,0,0,0,0
49158.0,1,54,55,85505.19,1,0,1,0
63379.0,3,58,42,69885.18,0,1,0,0
56008.0,2,68,18,64849.34,0,1,0,0
60357.0,3,46,58,80065.96,1,0,0,0
55592.0,4,79,43,93020.09,0,1,1,1
56240.0,3,61,35,68760.12,1,0,0,0
51556.0,4,84,48,70431.03,1,0,0,0
49213.0,1,82,36,68388.95,1,0,0,0
65184.0,4,82,19,99052.84,0,0,0,1
45171.0,3,52,23,67097.18,1,0,1,0
57913.0,2,83,20,55293.75,0,0,1,0
61365.0,4,78,32,63147.41,0,0,1,0
58243.0,1,66,43,61544.46,1,0,1,0
66309.0,1,75,34,64938.37,0,1,0,0
64922.0,2,51,30,90181.89,0,0,0,0
56749.0,1,37,18,61767.79,0,0,0,0
53798.0,2,44,41,70241.22,0,0,0,0
46468.0,1,74,35,70966.3,0,1,1,0
65405.0,4,45,57,78163.11,1,0,0,0
54254.0,2,60,29,61216.81,1,0,1,0
62951.0,3,50,32,74365.36,0,0,0,0
64066.0,4,64,37,69326.09,1,0,0,0
51461.0,3,74,18,72709.86,1,0,1,1
49699.0,3,84,43,78721.3,0,1,1,1
63663.0,4,44,56,64125.56,0,1,1,0
53866.0,3,40,38,72441.01,0,0,0,0
55074.0,3,79,29,67749.39,0,1,0,0
50177.0,3,58,22,60864.1,1,0,0,0
50204.0,4,49,52,69110.75,0,0,0,1
54135.0,2,70,40,58680.23,0,1,1,0
63207.0,2,84,23,71112.14,0,1,1,0
50297.0,2,39,31,67527.15,1,0,1,1
67699.0,2,81,42,80017.56,0,0,0,0
53635.0,4,61,24,66094.08,0,0,0,0
57135.0,2,62,25,61164.74,1,0,1,0
54256.0,4,83,48,68986.0,0,0,0,0
56796.0,3,81,23,78555.43,0,0,1,1
50007.0,4,35,45,69125.34,0,1,0,0
56229.0,3,76,20,101915.6,0,0,1,1
54621.0,2,52,62,74204.19,0,1,1,0
46454.0,2,44,43,80042.53,0,1,1,1
52886.0,2,60,23,71190.67,1,0,1,0
60025.0,2,54,31,71258.48,1,0,1,0
49743.0,4,63,41,77869.1,0,0,1,0
60429.0,1,35,58,88297.22,1,0,1,0
65477.0,2,36,48,63825.21,0,1,1,0
42093.0,3,46,31,63799.66,0,0,0,0
54529.0,1,77,19,80699.82,0,0,1,0
58513.0,3,84,19,96121.86,0,1,0,1
58339.0,3,49,41,70172.65,0,1,1,0
59279.0,2,52,40,73150.11,0,1,1,0
51921.0,1,35,31,73183.35,0,1,0,0
52761.0,2,41,37,64003.57,0,1,1,0
65318.0,3,72,46,67462.73,1,0,0,0
57269.0,2,80,22,65914.62,0,1,1,0
55593.0,1,82,51,74420.6,1,0,1,0
53100.0,3,59,18,78046.3,1,0,0,1
41628.0,1,76,35,62015.95,0,1,1,0
61245.0,4,47,59,95876.25,0,0,1,0
62568.0,2,39,36,94030.29,1,0,0,1
48402.0,4,47,37,81043.15,0,0,0,1
58434.0,4,65,59,70821.12,0,0,0,0
54097.0,2,37,36,76870.6,0,1,1,0
63767.0,3,35,39,92160.4,0,1,1,0
50441.0,1,84,18,66181.93,0,0,0,0
55296.0,4,43,52,69732.87,1,0,0,0
53330.0,4,39,27,61239.85,0,0,0,0
66173.0,3,52,18,84956.21,1,0,0,0
52744.0,4,80,40,67304.59,0,1,0,0
61383.0,4,61,29,67320.63,1,0,1,0
60448.0,4,60,46,112779.4,1,0,1,1
55152.0,1,35,38,63921.31,1,0,1,0
42355.0,3,76,30,64636.87,0,0,0,0
53884.0,1,63,40,73543.94,0,0,1,0
49963.0,2,46,50,74265.14,1,0,1,0
53902.0,3,47,20,90466.74,0,1,1,1
44974.0,2,61,41,62808.8,0,1,1,0
61732.0,1,66,33,60602.08,0,1,0,0
42170.0,1,52,38,65191.42,1,0,0,0
62831.0,3,85,42,70825.24,0,0,1,0
57686.0,4,65,56,74778.09,1,0,1,0
57254.0,1,70,58,71638.6,0,1,0,0
60298.0,1,47,52,123416.99,1,0,1,1
47335.0,2,52,20,73270.92,1,0,1,1
54452.0,3,40,54,65218.69,0,0,1,0
49086.0,4,80,58,78946.57,1,0,0,0
57475.0,4,64,45,72715.72,0,1,1,0
60056.0,3,68,26,57304.09,0,0,1,0
42227.0,4,62,63,74288.12,1,0,0,0
51636.0,3,77,58,62720.14,0,0,0,0
52099.0,4,49,37,66978.72,0,0,1,0
64898.0,1,65,25,53486.69,1,0,0,0
67907.0,2,74,52,113508.8,1,0,0,1
62908.0,4,41,64,107149.02,1,0,0,1
50268.0,4,37,22,62997.46,1,0,1,0
55183.0,2,78,28,64495.67,1,0,1,0
61183.0,4,67,18,60461.93,0,0,1,0
45023.0,2,39,28,65800.2,0,0,0,0
52364.0,3,77,45,65458.44,0,1,1,0
55788.0,3,70,33,79389.33,0,0,1,0
69032.0,4,46,18,56675.95,0,0,0,0
59439.0,1,77,32,108591.11,0,0,0,1
53547.0,3,82,24,88400.48,0,0,0,1
40996.0,3,37,19,74415.2,1,0,1,0
48796.0,4,85,20,77569.74,1,0,0,1
56829.0,4,74,40,81195.86,0,0,1,0
54748.0,1,68,34,69403.41,1,0,0,0
60337.0,1,37,42,71376.42,1,0,0,0
59176.0,3,35,51,67273.98,0,0,0,0
55672.0,1,43,54,71726.71,0,1,0,0
63448.0,2,76,55,94510.73,0,0,1,0
50429.0,2,41,52,75993.47,1,0,0,0
41989.0,4,48,32,62216.45,0,0,0,0
63087.0,1,66,28,70052.79,0,0,1,0
50400.0,4,76,41,62229.29,1,0,1,0
50106.0,2,66,43,71532.81,0,1,1,0
59860.0,2,54,49,78562.35,0,1,0,0
44965.0,2,77,64,83414.05,0,0,1,1
55558.0,4,68,55,66632.83,0,0,0,0
57337.0,3,76,24,88044.35,1,0,1,1
55210.0,1,80,20,62180.74,1,0,1,0
51416.0,1,84,45,73874.7,1,0,0,0
55875.0,4,76,26,67488.08,1,0,0,0
58333.0,1,38,25,66935.07,1,0,0,0
46631.0,2,56,43,69919.87,0,1,0,0
47633.0,2,62,35,63618.8,0,1,1,0
47460.0,4,82,26,74837.72,0,1,0,1
50315.0,2,46,57,77795.34,0,0,1,0
54384.0,1,76,22,74948.17,0,0,1,0
59354.0,4,72,32,60200.18,0,1,0,0
52881.0,3,57,39,87630.95,0,1,0,1
56763.0,3,38,25,58983.46,1,0,1,0
61870.0,1,42,48,65467.76,0,1,0,0
55180.0,2,73,47,79153.15,0,0,0,1
50723.0,1,59,18,80841.08,0,1,0,1
53125.0,1,42,18,60333.57,0,0,0,0
65519.0,3,55,61,117307.7,1,0,0,1
54005.0,1,78,47,72128.86,0,1,1,0
41862.0,2,41,28,65494.51,0,0,0,0
52694.0,1,36,36,68185.43,1,0,0,0
66148.0,2,41,20,111739.65,0,1,0,1
64193.0,1,78,44,75081.97,1,0,1,0
44023.0,3,53,38,62231.54,0,0,0,0
62788.0,4,55,19,89010.9,0,0,1,1
52880.0,1,64,21,60310.88,0,1,1,0
47404.0,4,66,46,68071.37,1,0,0,0
53042.0,3,83,58,84687.72,0,0,0,0
50887.0,4,37,20,63597.09,0,1,0,0
52604.0,3,82,18,75098.22,0,1,1,0
53239.0,4,78,28,67381.61,0,1,0,0
51444.0,2,42,33,67500.55,1,0,1,0
54855.0,3,53,19,60631.23,0,0,0,0
59883.0,4,40,45,119585.49,1,0,0,1
58204.0,4,36,62,101108.86,0,0,1,1
50670.0,1,41,25,68130.72,0,1,0,0
53045.0,3,47,43,105077.7,0,1,0,1
47753.0,4,73,42,90597.18,0,0,0,1
49240.0,2,67,24,60020.13,0,0,0,0
47842.0,1,77,29,83103.77,0,1,1,1
49427.0,1,82,32,86755.79,0,0,1,1
54876.0,3,82,25,90608.41,0,1,1,1
55179.0,4,54,41,72895.67,0,1,1,0
47650.0,2,49,42,72634.98,0,0,1,0
52669.0,2,84,33,66633.06,0,0,0,0
64069.0,2,40,34,76812.81,1,0,0,0
56004.0,1,69,19,92433.88,1,0,1,1
46000.0,4,64,30,63148.62,0,0,1,1
50518.0,3,75,18,82046.23,1,0,0,0
50130.0,2,40,19,54356.95,1,0,1,0
76070.0,2,54,18,58309.56,0,0,1,0
60495.0,3,47,35,84676.05,1,0,0,0
50935.0,2,67,39,66054.39,0,1,0,0
60109.0,2,47,31,61396.48,0,1,0,0
55145.0,4,38,62,82190.52,0,1,1,1
62619.0,1,77,62,71767.67,0,1,1,0
61299.0,4,72,42,103103.64,1,0,1,1
47058.0,4,53,31,62076.85,0,0,1,0
59344.0,1,64,61,84601.54,0,1,0,0
61239.0,4,85,42,69545.88,0,0,1,0
57311.0,3,54,51,66931.93,0,0,0,0
47080.0,4,66,23,84688.33,0,0,1,0
59189.0,4,45,52,82670.85,0,0,0,0
46452.0,4,83,57,70993.97,1,0,0,0
58254.0,4,42,23,73463.16,0,1,0,0
72649.0,3,69,52,78861.46,0,1,0,0
59661.0,4,68,50,69712.4,0,0,0,0
53714.0,1,67,18,69298.75,1,0,0,0
61957.0,1,47,18,66397.77,0,1,1,0
53203.0,3,69,21,64044.38,0,0,0,0
55523.0,1,47,61,83346.06,0,1,1,1
55523.0,3,66,19,71406.58,0,1,0,1
57081.0,1,84,18,68005.87,1,0,1,0
60347.0,2,52,28,76764.02,0,1,1,0
49010.0,2,81,33,82092.39,0,0,0,0
57879.0,4,74,32,73878.1,0,1,1,0
54340.0,4,73,31,59950.89,1,0,0,0
60298.0,1,42,46,66602.34,0,0,1,0
49944.0,2,56,37,57768.44,1,0,0,0
53124.0,4,40,37,70083.3,1,0,0,0
51141.0,1,47,60,85648.48,0,0,1,0
49497.0,1,50,25,74914.15,0,1,1,0
50197.0,2,66,62,85219.39,0,1,1,1
63234.0,4,73,23,82910.94,0,1,1,0
60059.0,2,71,56,74350.08,0,1,1,0
66487.0,1,50,27,103595.83,1,0,0,1
49292.0,4,49,19,70729.63,0,0,0,0
55400.0,4,48,52,70051.94,1,0,1,0
53089.0,2,72,23,69403.49,0,0,0,0
69345.0,3,79,56,84710.53,0,0,0,0
63508.0,1,48,30,95879.94,0,1,0,1
60057.0,1,61,60,73487.13,0,0,0,0
52402.0,3,35,30,61597.98,0,0,0,0
60180.0,2,68,18,63119.8,0,1,0,0
53422.0,4,44,34,98586.83,0,1,0,1
49857.0,3,37,37,71502.56,0,1,0,0
48682.0,3,82,59,64320.67,0,0,1,0
48516.0,2,37,63,77310.22,0,1,0,0
54363.0,3,44,55,74825.2,0,1,0,0
39636.0,3,43,23,59230.44,0,0,1,0
65172.0,1,44,31,107138.14,0,1,0,1
58529.0,1,65,22,102763.61,1,0,1,1
50011.0,2,72,18,69764.49,0,0,1,0
50020.0,4,75,19,59889.14,0,0,1,0
55764.0,2,64,63,82356.41,0,1,0,0
60894.0,4,80,28,118651.89,0,0,0,1
42259.0,4,37,19,66762.27,0,0,0,0
59978.0,2,75,62,79454.74,1,0,0,0
47129.0,1,41,26,66079.85,0,1,1,0
57485.0,1,77,35,103774.34,0,1,1,1
62593.0,3,71,60,112716.44,0,1,1,1
48913.0,3,41,24,62819.16,0,1,1,0
66101.0,4,81,31,55470.55,1,0,0,0
49622.0,2,73,41,69510.05,1,0,0,0
59386.0,4,46,37,68064.76,0,1,0,0
66050.0,1,35,38,69116.93,0,1,1,0
59492.0,1,69,55,86354.84,0,1,0,0
61134.0,3,72,18,60456.69,0,0,1,0
61956.0,4,54,28,71791.28,0,0,1,0
46086.0,4,50,60,67626.89,1,0,1,0
61481.0,3,79,36,99794.4,0,1,1,1
55727.0,3,79,18,70350.79,0,0,1,0
61576.0,2,73,21,58818.77,1,0,1,0
57563.0,1,64,48,86487.58,0,0,0,1
58288.0,3,84,36,92378.5,1,0,1,1
55282.0,3,60,40,73281.55,1,0,0,0
66624.0,1,63,58,110438.17,0,1,0,1
59443.0,3,52,58,67485.1,0,1,0,0
51937.0,3,64,18,92518.37,0,0,0,1
46477.0,3,37,53,72977.63,0,0,1,1
62470.0,3,60,34,64770.75,0,1,1,0
51123.0,2,52,43,74845.87,0,0,1,0
56301.0,3,58,25,59913.31,0,0,0,0
46670.0,1,69,64,95961.18,0,0,0,0
54375.0,2,82,28,60766.38,0,1,0,0
45227.0,4,40,20,69193.96,0,1,1,1
50787.0,4,81,19,66433.4,0,1,0,0
62919.0,3,42,61,73410.95,0,1,1,0
51770.0,3,45,40,68447.63,0,0,0,0
60123.0,1,47,40,60185.4,1,0,0,0
51002.0,4,41,28,76765.02,1,0,1,1
46940.0,1,69,27,70157.03,0,1,1,1
49905.0,4,66,31,75297.34,0,0,0,0
51505.0,2,55,53,76960.48,0,1,1,0
52474.0,3,79,58,76204.89,0,0,1,0
49172.0,2,57,44,63782.2,1,0,0,0
56916.0,3,42,57,69415.11,0,0,0,0
59386.0,1,38,29,64472.36,0,1,0,0
55748.0,3,84,21,60815.42,0,1,0,0
65574.0,2,83,22,55902.83,0,1,0,0
58541.0,4,79,41,64468.29,0,0,0,0
50672.0,4,79,31,76093.36,0,0,1,0
68071.0,1,70,45,81430.49,1,0,1,0
58815.0,4,71,22,106165.08,1,0,0,1
62493.0,3,74,48,67374.71,0,0,1,0
60182.0,4,59,37,103574.45,0,0,0,1
42941.0,1,49,45,74191.43,0,1,0,1
55505.0,2,40,57,100887.85,0,0,1,1
54114.0,3,82,56,78715.16,0,1,1,0
57670.0,1,41,46,70686.71,0,1,0,0
54361.0,2,68,55,73231.75,0,1,1,0
67083.0,4,39,21,66296.73,1,0,0,0
52483.0,2,65,53,71738.23,0,0,0,0
55581.0,4,49,59,99551.34,0,1,1,1
62243.0,1,41,35,75903.42,1,0,0,0
59293.0,1,81,64,105308.78,0,1,1,1
59707.0,3,70,28,56003.61,0,1,1,0
57726.0,4,84,54,68673.29,1,0,1,0
58401.0,4,45,55,76028.5,0,0,1,0
41228.0,2,64,56,87418.05,1,0,1,1
40945.0,1,46,38,74984.02,0,0,0,1
54794.0,4,47,41,66591.29,1,0,0,0
51692.0,2,57,30,72088.04,0,1,0,0
52305.0,1,35,18,78521.17,0,1,1,0
56680.0,4,63,61,85688.72,0,0,0,1
52300.0,4,52,34,66657.86,1,0,0,0
56710.0,2,47,20,67879.02,1,0,1,1
51351.0,1,69,19,60069.68,0,0,0,0
51022.0,2,55,26,67820.31,0,0,1,0
52096.0,3,37,29,65685.02,1,0,1,0
59099.0,2,67,63,103305.3,0,1,1,1
57677.0,4,77,54,76671.69,1,0,1,0
59343.0,3,85,55,76577.99,0,0,1,0
54767.0,1,35,37,66693.98,0,0,1,0
60869.0,1,77,21,60125.97,0,1,1,0
53949.0,4,81,52,80042.11,0,0,0,0
48707.0,4,77,60,97106.11,0,1,1,0
77911.0,1,50,58,87831.62,0,0,0,0
54183.0,1,40,29,70630.95,1,0,1,1
51099.0,3,71,49,67516.63,0,0,0,0
51591.0,1,79,37,67573.29,0,1,1,0
61057.0,1,41,44,80714.79,0,1,1,0
48280.0,4,79,18,75430.51,0,0,1,0
57606.0,4,78,20,54071.79,1,0,0,0
55440.0,4,72,44,112826.26,0,0,1,1
54055.0,1,63,47,60944.33,0,0,1,0
49862.0,3,82,26,65065.52,0,0,1,0
56204.0,2,65,19,82667.77,0,1,1,1
65161.0,2,41,52,82517.59,1,0,0,0
42143.0,3,38,32,88208.37,0,0,1,1
57924.0,4,62,38,68023.41,0,1,0,0
48755.0,2,69,59,73464.75,0,1,0,0
50926.0,3,83,61,77222.0,0,0,0,0
65158.0,3,67,53,67163.57,0,1,0,0
46073.0,4,73,19,59241.32,1,0,1,0
53110.0,4,43,20,72322.79,0,1,0,0
50180.0,1,41,22,55226.53,0,1,0,0
61124.0,3,64,19,73417.07,0,1,1,0
54583.0,3,82,22,63534.87,1,0,1,0
52400.0,3,72,54,90774.04,1,0,0,0
64264.0,1,51,22,77666.95,0,0,0,0
44197.0,3,52,34,95868.3,1,0,0,0
56273.0,1,75,26,74544.57,1,0,1,0
47481.0,4,42,34,77150.63,0,0,0,1
58053.0,1,53,29,86298.82,0,0,1,0
58071.0,4,76,30,74697.64,0,1,1,1
66845.0,1,60,29,58695.65,0,1,0,0
60396.0,3,72,46,96190.72,0,0,1,1
67056.0,3,55,51,63582.13,0,0,0,0
63823.0,4,39,53,61586.14,0,0,1,0
49475.0,3,71,19,75037.68,0,1,0,0
50330.0,3,80,35,61282.09,0,0,0,0
57858.0,4,43,48,71522.23,0,1,1,0
61627.0,3,58,32,74596.33,0,0,1,0
49733.0,1,76,42,77168.22,1,0,1,1
55308.0,2,36,40,75028.75,0,0,1,0
66048.0,4,80,44,76619.74,0,0,1,0
49405.0,1,63,48,75910.11,0,1,0,1
49810.0,1,47,18,73056.77,0,0,0,1
56330.0,4,46,30,94478.7,0,1,1,1
56485.0,2,36,50,69960.25,0,1,1,0
47053.0,2,46,42,67407.05,0,1,0,1
64179.0,4,74,18,97119.39,0,0,0,1
60385.0,4,78,54,83984.48,0,0,1,0
50963.0,2,45,32,76385.23,0,0,1,0
50024.0,1,77,37,66216.7,0,1,1,0
50334.0,2,36,47,82526.93,1,0,0,0
61054.0,3,68,20,74459.25,1,0,0,0
58629.0,3,39,32,62936.7,1,0,0,0
52519.0,2,45,19,59425.89,1,0,0,0
46993.0,3,50,27,69437.63,0,1,0,0
67559.0,4,45,63,72083.49,0,1,1,0
55944.0,2,53,49,69163.36,0,0,0,0
38709.0,3,56,18,72747.12,1,0,0,0
61130.0,3,58,35,66726.94,0,0,0,0
54941.0,2,50,24,57067.63,0,1,1,0
58639.0,2,46,63,109108.12,0,1,1,1
52098.0,2,84,38,73831.46,1,0,1,0
53618.0,2,52,54,79031.2,0,0,0,0
57261.0,4,62,46,77631.46,1,0,1,0
53158.0,4,66,41,78524.15,0,1,0,0
53511.0,1,84,58,70856.24,0,1,0,0
58408.0,2,56,18,61042.81,0,1,0,0
46722.0,2,49,22,66407.61,1,0,0,0
49331.0,1,78,44,71632.13,0,0,0,0
53717.0,2,41,44,78002.78,0,1,0,0
70258.0,4,38,36,115126.75,1,0,0,1
53186.0,3,62,26,58559.16,1,0,1,0
59273.0,1,80,30,62275.25,1,0,0,0
59466.0,3,45,41,73749.44,1,0,0,0
55639.0,1,40,29,55927.32,0,1,0,0
61138.0,3,68,61,67174.81,0,1,0,0
47831.0,4,74,36,70249.63,0,1,0,0
51919.0,4,82,25,69896.22,1,0,1,0
49310.0,1,47,56,68123.8,1,0,1,0
61973.0,1,51,18,56131.76,0,0,0,0
52475.0,3,39,19,63426.48,0,1,0,0
62262.0,3,43,39,68762.6,1,0,0,0
49159.0,3,57,45,65693.05,1,0,1,0
44451.0,1,65,51,59721.74,0,0,1,0
64873.0,3,48,64,85224.19,0,0,0,0
55261.0,1,36,19,53356.72,1,0,0,0
53405.0,1,46,48,67405.54,0,1,1,0
48982.0,3,77,60,73639.06,0,1,1,0
60286.0,1,73,27,91956.84,0,0,0,1
44712.0,2,49,46,76451.55,0,1,1,0
49882.0,2,57,28,64100.13,1,0,0,0
46791.0,3,59,59,78379.79,0,1,0,0
52585.0,3,78,35,77592.94,1,0,1,1
59130.0,1,79,63,70314.89,0,1,1,0
63061.0,4,36,40,72339.71,0,1,0,0
55293.0,4,39,20,75774.95,0,0,1,0
54222.0,4,40,40,71232.98,0,0,0,0
48720.0,3,66,24,61022.27,0,0,0,0
49971.0,2,77,34,69437.41,0,1,1,0
58774.0,4,70,45,73028.67,0,0,1,0
59781.0,1,46,41,76811.45,0,0,0,0
54690.0,3,71,53,65923.72,0,0,0,0
43494.0,1,60,27,68676.93,0,0,0,0
54356.0,1,69,26,67766.33,0,0,1,0
44261.0,4,64,24,75535.5,0,0,1,0
61570.0,3,74,34,75762.91,0,1,1,0
59600.0,3,52,53,75588.76,0,1,1,0
52971.0,2,56,32,70086.07,0,0,0,0
57963.0,2,60,19,96125.18,0,0,0,1
44781.0,2,75,42,80753.62,1,0,1,1
62903.0,4,82,55,71048.24,0,1,1,0
58282.0,4,78,28,71454.9,0,0,0,0
66411.0,1,47,58,87222.87,0,0,0,0
58109.0,4,44,41,75683.99,0,0,0,0
51572.0,4,35,47,78834.2,0,0,0,0
63031.0,1,48,42,72943.91,1,0,1,0
54081.0,1,42,59,66774.11,0,1,1,0
45676.0,4,81,19,58845.4,0,0,0,0
52116.0,2,60,59,75689.83,0,0,0,0
46127.0,1,56,39,68623.41,0,1,1,0
48343.0,3,78,40,68392.67,0,1,0,1
56666.0,3,47,18,53730.63,0,0,0,0
67170.0,4,55,31,69913.11,0,0,0,0
51096.0,3,70,19,80820.27,0,0,0,1
64120.0,2,35,44,71001.53,0,0,0,0
59001.0,2,81,23,89974.05,0,0,0,1
45187.0,3,74,33,71161.34,0,1,1,0
53027.0,4,69,55,106846.34,0,0,0,0
55858.0,4,47,40,77673.29,0,1,1,0
49074.0,3,58,63,84287.39,0,0,1,1
54121.0,3,51,54,84320.29,0,1,1,0
61285.0,3,44,60,77283.59,0,0,0,0
63140.0,1,44,24,68416.86,0,0,1,0
44907.0,1,60,19,70186.19,0,0,0,0
52054.0,2,67,29,73394.09,0,0,1,0
44353.0,3,75,18,70056.31,1,0,0,1
